positive,negative,total_count,wilson_score
86,0,86,0.9572418027142576
74,36,110,0.5805088757294906
25,78,103,0.1701503674917659
65,50,115,0.47395763733247154
74,6,80,0.8458798391878072
16,6,22,0.5184826598759761
89,64,153,0.5024734674975919
78,18,96,0.7229774574820691
81,0,81,0.9547219145675847
15,65,80,0.11705310466977321
71,53,124,0.4846173228363051
38,49,87,0.3374254578815761
93,85,178,0.449396308483179
68,0,68,0.9465286634799295
85,5,90,0.8764626377820048
43,58,101,0.33377697396334577
59,14,73,0.7034449738686679
100,76,176,0.4943176665924105
75,80,155,0.40654412065283446
56,18,74,0.6479367133123634
97,82,179,0.4687949373621651
76,95,171,0.3720006030411409
27,84,111,0.17289431837194294
37,49,86,0.33079341016451574
31,87,118,0.1916894665402194
34,70,104,0.24433985271827127
91,46,137,0.5816314432352421
11,34,45,0.1423547943377172
95,74,169,0.48677332777313087
57,12,69,0.7201637386871084
30,13,43,0.5489463582227039
87,11,98,0.8101006663032684
78,68,146,0.4534942708275301
37,25,62,0.47250467700400245
77,80,157,0.41341636186471165
100,40,140,0.6345157091501404
94,29,123,0.6819219808902864
99,1,100,0.9455138038212947
72,3,75,0.8888701291759625
18,17,35,0.35568804595868575
31,93,124,0.18207643396970838
44,35,79,0.44731912948308383
54,100,154,0.2797542188149838
50,48,98,0.41273047100283283
80,91,171,0.3945797997890047
100,99,199,0.43365770519399793
57,75,132,0.3504276166583297
57,33,90,0.5302230476398117
60,34,94,0.5375052079060171
17,1,18,0.7424269921812741
44,57,101,0.3430597191697986
53,16,69,0.6560315295999075
65,33,98,0.5651152259128324
17,70,87,0.1257338159889031
9,48,57,0.0853579597035527
48,77,125,0.30340732569043544
21,50,71,0.20232885201316628
28,9,37,0.5988270787855735
67,63,130,0.43027433372748797
62,28,90,0.5871717545902345
42,5,47,0.7740573065626164
99,69,168,0.5137068774229823
65,95,160,0.33321304722042167
51,27,78,0.5433019437670479
24,50,74,0.22864074907764337
32,25,57,0.4327800945423151
86,7,93,0.8527029989674109
26,73,99,0.18598149683086704
7,31,38,0.0922176518522127
75,31,106,0.614910719502268
49,81,130,0.2982783314767892
22,34,56,0.2758041573011051
15,54,69,0.13640766010620264
66,81,147,0.3708930805274901
26,28,54,0.3539397274661188
26,13,39,0.50977394399346
52,11,63,0.7137857247924103
0,17,17,0.0
6,27,33,0.08610768208940665
37,39,76,0.3778372877915117
8,41,49,0.08512698370728836
89,83,172,0.4432026034257563
42,45,87,0.3807266446376226
23,77,100,0.1584326588030345
29,79,108,0.19394901389668973
80,15,95,0.7557039468613879
29,93,122,0.17090875773404154
23,20,43,0.3891564047231397
50,13,63,0.6783018567138666
58,98,156,0.2998913002929936
29,68,97,0.21694635359423234
73,37,110,0.5711495969124046
50,81,131,0.3029849493578383
14,56,70,0.12304739248362952
14,6,20,0.4810271816464765
71,43,114,0.5312021858550436
76,59,135,0.4786961362500334
97,8,105,0.8568137681765711
49,79,128,0.3031862585769025
33,85,118,0.2066100221364623
91,8,99,0.8485819115773596
6,43,49,0.05734825790240153
98,99,197,0.42836147106560934
19,68,87,0.14450813844415483
33,64,97,0.2536226228036932
55,40,95,0.4784963648984185
33,43,76,0.32860931819217054
22,14,36,0.44864459096605147
77,52,129,0.510636145573879
50,10,60,0.7196838683638547
94,95,189,0.4268385264062089
86,78,164,0.44827705033604764
29,20,49,0.45247319391847135
25,85,110,0.15894628523350088
94,62,156,0.5241946624878965
87,71,158,0.4727853010967712
62,13,75,0.7256918855948061
96,9,105,0.8450772435843179
63,98,161,0.3192915887834325
65,69,134,0.4020571693250764
20,55,75,0.1797631363147385
80,18,98,0.7282500277598462
85,53,138,0.5326990059764253
16,62,78,0.13039795219832026
49,25,74,0.5487851256985735
39,10,49,0.6636299908048745
33,18,51,0.5098605845450522
39,3,42,0.8099057319884169
35,25,60,0.45728081022640116
46,31,77,0.4857685316794946
6,41,47,0.05984604198143387
57,21,78,0.6232309980448737
58,49,107,0.44783465926189614
94,13,107,0.8031678343823965
56,49,105,0.43842486491800464
48,98,146,0.25781253486628486
47,37,84,0.45307101720468923
92,36,128,0.6353658087171573
35,41,76,0.35307731232622985
65,54,119,0.4567208545237735
30,32,62,0.36409859838245745
82,45,127,0.5593242034192986
83,50,133,0.5393484782274185
18,78,96,0.12202469989311635
44,84,128,0.26710157668112267
82,32,114,0.6307060939760731
61,72,133,0.37631244858209717
90,72,162,0.47863124594666584
99,23,122,0.7329716513566709
45,69,114,0.30984949400241074
93,23,116,0.7200177632567943
41,63,104,0.3056889709260554
20,36,56,0.24456571707649907
96,80,176,0.4717040065395227
50,17,67,0.6307080546049991
47,6,53,0.7742348088800781
5,16,21,0.10628013022636469
60,64,124,0.3977266917010925
65,97,162,0.32888892011891585
70,90,160,0.3629909872161968
22,85,107,0.13988422660392377
2,15,17,0.03287977376379267
4,11,15,0.10897453325692374
28,34,62,0.3341971316759953
62,100,162,0.3114083250387646
1,93,94,0.001880395748087935
85,57,142,0.5163975235017726
77,69,146,0.44675455631040495
95,0,95,0.961135146460527
44,72,116,0.29622102907734743
30,9,39,0.6166374277165824
32,46,78,0.3078190544752023
35,98,133,0.19572831006015987
77,96,173,0.3730226707972324
6,47,53,0.052930309477025615
73,6,79,0.8440458309717235
36,74,110,0.24671132610522006
2,49,51,0.010821083352867066
9,98,107,0.044881945524203326
62,3,65,0.8728615273666118
13,41,54,0.14644291495284428
41,70,111,0.2853601624988851
64,73,137,0.38564687707383344
58,93,151,0.3103176744040929
23,28,51,0.32267518549374014
83,1,84,0.935604562492286
93,68,161,0.5004063764582354
53,8,61,0.7619811980700654
66,35,101,0.5565798302066218
67,86,153,0.3617695037194032
52,56,108,0.38951373394028815
75,18,93,0.71467528088567
20,29,49,0.2821523852038687
34,12,46,0.5974084647198441
19,82,101,0.12387125256857147
4,75,79,0.01986404278001855
14,30,44,0.19999307710853426
53,87,140,0.3024840888214455
78,26,104,0.658885726367606
14,17,31,0.29161735980520015
5,97,102,0.021117596548914302
21,98,119,0.11841874530971619
15,65,80,0.11705310466977321
58,33,91,0.534882923607384
73,81,154,0.3967585445581624
72,3,75,0.8888701291759625
30,31,61,0.3706039532371102
94,87,181,0.4469073483787789
27,34,61,0.32507805521482874
20,13,33,0.4368344081994023
49,25,74,0.5487851256985735
76,11,87,0.7876218511925265
60,42,102,0.49121758750151573
31,26,57,0.4159068597911934
43,18,61,0.5811059794277963
100,54,154,0.5711858891992231
57,73,130,0.35614558078268893
23,45,68,0.2371425321525542
37,85,122,0.22874648388050076
23,86,109,0.14492357564133826
32,70,102,0.23182974700235623
6,27,33,0.08610768208940665
21,62,83,0.17185231127114362
51,77,128,0.3177758511189852
62,94,156,0.3239962894494175
13,34,47,0.16936563369682642
34,3,37,0.7869932065071162
76,60,136,0.4748967441011687
88,59,147,0.5178635047399761
44,36,80,0.4411950788935596
20,68,88,0.15221745302401474
88,49,137,0.5591991646090194
6,51,57,0.04914465852374462
2,81,83,0.0066331661407276025
47,42,89,0.4253754742950577
59,91,150,0.318759856976774
24,70,94,0.17799345615469594
38,71,109,0.26570209951260976
52,79,131,0.3172492244631891
75,80,155,0.40654412065283446
98,24,122,0.7239527940587408
81,80,161,0.42670648192148214
79,48,127,0.5353049541396186
96,15,111,0.7889545906393329
13,78,91,0.08542758136548775
69,70,139,0.4145060034206998
23,63,86,0.18532084622257783
90,6,96,0.8702905349355852
67,40,107,0.5316194156172028
82,91,173,0.400958129905572
60,83,143,0.34183823920904083
48,15,63,0.6436433989030313
34,69,103,0.24682972737440292
57,97,154,0.29789912399152113
97,60,157,0.5398723951948854
2,33,35,0.015813161857108647
84,56,140,0.5172255704404097
58,36,94,0.5159955881639535
73,47,120,0.5189378169992732
48,3,51,0.8407537395119957
63,43,106,0.4991554929652863
40,46,86,0.3634587154004887
57,27,84,0.5727856143388974
92,57,149,0.5373912147117231
61,68,129,0.3887485438414131
24,73,97,0.17227488052867695
35,49,84,0.3171483846042472
14,19,33,0.27235596633410203
93,4,97,0.8987247439592627
28,6,34,0.6648626260015724
62,38,100,0.5220975529551107
35,43,78,0.3433437231709859
88,49,137,0.5591991646090194
45,77,122,0.288460799670576
99,41,140,0.6270371426444321
73,36,109,0.5769786271265971
11,87,98,0.06384269945885744
79,87,166,0.40133776124618836
21,36,57,0.255235570344157
97,50,147,0.5800797849692412
72,26,98,0.6396396953475812
47,57,104,0.35968918595107724
81,11,92,0.7984642040664938
71,57,128,0.4682433949005831
34,41,75,0.3456979638413221
15,84,99,0.09402325244184671
8,24,32,0.1325240091850904
13,32,45,0.17730082482849266
42,2,44,0.8486500156237035
34,94,128,0.19675501016357283
87,95,182,0.4066579117287086
92,88,180,0.4386200384689787
91,75,166,0.472248662882744
11,46,57,0.11132746980050533
74,88,162,0.381971400095849
15,98,113,0.08212224799065314
46,63,109,0.33350964579265363
18,36,54,0.22241416537492575
1,48,49,0.003611672589825253
95,15,110,0.7871432478694177
38,26,64,0.4714520812860451
10,4,14,0.4535091567010681
66,31,97,0.582266326033009
15,62,77,0.12176400927656615
31,50,81,0.28446535970964615
42,61,103,0.3178425371515976
90,98,188,0.4084589277494524
38,40,78,0.37948952024893845
69,62,131,0.44168055154389585
23,79,102,0.15521692835323755
59,59,118,0.41121889415183216
21,76,97,0.14618778380932268
38,24,62,0.48847843539018354
32,67,99,0.23920000643397268
41,31,72,0.45443306167310615
17,80,97,0.1124005444575961
92,23,115,0.7177361124382665
33,19,52,0.49871678132017094
18,32,50,0.24138749651846744
5,43,48,0.045321719041813084
65,4,69,0.8602075664233834
37,1,38,0.8650512388404787
24,28,52,0.3334047468175682
73,2,75,0.9078851181224086
98,6,104,0.8798107321520116
67,82,149,0.3720541700488355
70,96,166,0.3491687293027709
53,61,114,0.3759960632942286
88,4,92,0.8934831434470113
27,23,50,0.4039887139915748
73,38,111,0.5654420347268518
6,25,31,0.09187008361586095
80,10,90,0.8074221497873896
71,0,71,0.9486720478031097
24,77,101,0.16519963644581667
36,86,122,0.22140712952798178
27,15,42,0.4916636571945582
98,91,189,0.4476274393498425
6,50,56,0.05003935571117074
59,5,64,0.8298046264583709
4,89,93,0.016851153993758475
32,100,132,0.1772746263797699
49,10,59,0.71536779263512
65,95,160,0.33321304722042167
62,12,74,0.7376018659372965
38,31,69,0.4337876750268812
57,34,91,0.5237596521778157
85,43,128,0.5785182090110383
12,72,84,0.08365020540566914
41,78,119,0.2652223894740537
40,58,98,0.316108407997545
94,79,173,0.4689893878889159
86,47,133,0.5623036100371858
70,17,87,0.7091678634827149
58,41,99,0.487397977962848
53,0,53,0.932418011423458
35,100,135,0.19272287956520898
21,83,104,0.13603525270294686
2,63,65,0.00847899723644013
48,74,122,0.31128161661288445
47,71,118,0.314526855599215
65,14,79,0.724238041235936
80,3,83,0.8990410702303961
69,95,164,0.34783761820670867
87,42,129,0.5895305031355976
44,91,135,0.2526282041127688
30,21,51,0.4516533720637157
21,67,88,0.16171042608327632
21,11,32,0.4831108797896222
28,66,94,0.21484443612303347
7,84,91,0.03775950132295323
14,34,48,0.18241578926516536
86,94,180,0.40603567279845104
76,4,80,0.8783772379535697
0,68,68,0.0
73,6,79,0.8440458309717235
92,85,177,0.4465363581642867
86,12,98,0.7980716017169679
65,25,90,0.6220477250293879
34,0,34,0.898485445846676
9,32,41,0.12003174778217568
20,66,86,0.15589108936015666
34,54,88,0.29142099430814633
10,27,37,0.15397461511049093
26,13,39,0.50977394399346
19,65,84,0.14986020837445108
64,52,116,0.46101213244154937
82,66,148,0.4736122900661546
70,87,157,0.3703249157290689
40,88,128,0.23865530278536204
93,35,128,0.6435923144931467
98,66,164,0.5211054422660478
69,60,129,0.4490502446726789
33,9,42,0.640601546836771
52,63,115,0.36422398053844796
11,79,90,0.06963615965482384
69,51,120,0.4855775172299302
45,27,72,0.5095289902692697
17,71,88,0.12425957732106709
18,57,75,0.15754873660002922
93,48,141,0.5780569849495957
3,42,45,0.02293203259925099
24,12,36,0.5033399787115652
64,96,160,0.32729407600252003
95,43,138,0.6069136068529344
31,70,101,0.22543627199994423
58,17,75,0.6666446452773059
87,75,162,0.4602856410272046
75,69,144,0.4397629773960765
16,38,54,0.1913742513217978
5,48,53,0.04097264149725047
33,91,124,0.19622791708095935
60,6,66,0.8155127011503411
10,21,31,0.18569426566359176
24,38,62,0.27584645167113864
45,100,145,0.2407554437477462
91,29,120,0.674498509525689
3,13,16,0.06591599071428139
18,81,99,0.11821864674176526
42,46,88,0.37606627979227725
22,2,24,0.741511978067893
81,78,159,0.4324292915718172
31,59,90,0.25445914024938626
89,93,182,0.4173687341425155
60,68,128,0.38447476772703953
17,64,81,0.13537173606133143
85,8,93,0.8393470700891413
13,32,45,0.17730082482849266
14,18,32,0.28165331115040365
7,15,22,0.16360593181356242
67,54,121,0.4648501506153884
83,26,109,0.6734300893002882
17,74,91,0.12003755149503505
34,26,60,0.44103438776125564
32,54,86,0.2774625064181545
54,34,88,0.5091875700661254
53,63,116,0.36908190378048705
93,12,105,0.8107987321190485
20,33,53,0.259362654728761
55,36,91,0.5016661484890078
1,48,49,0.003611672589825253
60,4,64,0.8500251490779133
82,72,154,0.4538356435660972
77,32,109,0.6150766369695372
68,23,91,0.6492032145567589
3,8,11,0.0974605929002489
44,100,144,0.23618327134170236
68,76,144,0.3924680237466582
3,19,22,0.04749003714055253
97,25,122,0.7149780642232687
47,91,138,0.26678817175902575
16,31,47,0.2216744384377161
51,99,150,0.2690333503042941
75,80,155,0.40654412065283446
51,88,139,0.2913673882585699
7,69,76,0.04533400406377609
70,100,170,0.34052887495637674
96,90,186,0.44471387940871215
54,32,86,0.5223383164148251
16,45,61,0.16838786362361477
32,44,76,0.3164861911803876
20,59,79,0.17027863669691792
11,28,39,0.16543492088847678
14,62,76,0.11302595895203016
33,54,87,0.2845042271336969
48,13,61,0.6687758459836244
39,19,58,0.544240546784708
94,80,174,0.4661085075202163
43,3,46,0.824972589180958
27,20,47,0.4328191934549279
23,10,33,0.5266186485419944
64,24,88,0.6261879505104913
95,31,126,0.671992197768955
76,17,93,0.7266221581223747
87,47,134,0.565321746298564
27,65,92,0.21021716711066393
13,72,85,0.0916138049453042
37,71,108,0.25987964117961265
24,38,62,0.27584645167113864
39,90,129,0.2297340030641076
68,34,102,0.5706063272058552
70,31,101,0.5974265174495046
44,70,114,0.3017076275689448
13,23,36,0.2247559294651537
71,14,85,0.7423169668021895
71,76,147,0.4036795981203771
23,76,99,0.16009113599176228
35,39,74,0.36338706920848024
83,7,90,0.8480613981740798
93,37,130,0.6325077267145672
57,74,131,0.35326323088385986
60,73,133,0.3691156362217848
25,98,123,0.14163307280746557
36,39,75,0.3706911114274907
70,81,151,0.3859295086615394
2,21,23,0.024180004484220342
68,6,74,0.8341805755644218
63,0,63,0.9425288004111483
83,63,146,0.48741495899803106
35,30,65,0.4185339926647454
44,72,116,0.29622102907734743
19,97,116,0.10743968706759485
70,28,98,0.6180933267840759
95,97,192,0.42487051234822526
82,30,112,0.6434352838771963
99,68,167,0.5170250616663058
43,94,137,0.24213652873085828
32,24,56,0.4413762073081304
69,33,102,0.5807104316100656
41,57,98,0.32559186361349046
96,47,143,0.5907392506718112
82,59,141,0.499031066910329
33,40,73,0.34314655832671476
86,73,159,0.4633716934259897
65,38,103,0.5347408308679621
95,31,126,0.671992197768955
43,77,120,0.27816079050320064
99,68,167,0.5170250616663058
81,42,123,0.5710718086813957
34,23,57,0.4669729242085391
6,33,39,0.07247472376982099
31,45,76,0.30443802768639416
5,30,35,0.06260231079433713
47,35,82,0.46521208028574046
88,39,127,0.6080071380164639
3,30,33,0.03140394152458165
55,32,87,0.5272752508445969
41,74,115,0.27492070764792037
42,52,94,0.3503637013365734
93,4,97,0.8987247439592627
12,8,20,0.38658150076225317
30,17,47,0.4953589653479511
60,24,84,0.6099796004669877
9,47,56,0.0869266760759514
44,51,95,0.3662764282064395
96,24,120,0.7196332649371805
35,68,103,0.2555700851446702
10,76,86,0.06440045821928717
14,58,72,0.11951479379450557
94,16,110,0.776722611089306
95,18,113,0.7622131425197988
8,15,23,0.1881127593879773
20,9,29,0.5076986576690685
12,59,71,0.09941454752428264
32,20,52,0.47959873715819396
66,72,138,0.39664111777602556
85,45,130,0.5687115031064136
1,36,37,0.004786974451940436
40,25,65,0.49384202806013094
8,37,45,0.09294389514104148
70,21,91,0.6728332884644229
29,19,48,0.4631040849254725
32,28,60,0.40893427027157897
95,6,101,0.8764089440526284
99,73,172,0.5008585791277037
66,44,110,0.5065704511305059
54,24,78,0.5828816664359987
74,50,124,0.5087827906976193
79,26,105,0.6618966438611229
12,27,39,0.18565932306911137
77,90,167,0.38719955736290107
65,81,146,0.36702251253676754
65,66,131,0.4119013404422608
67,37,104,0.5485904730681371
40,21,61,0.5304974914056818
19,38,57,0.22493806075150727
85,82,167,0.4338160361015149
99,6,105,0.8809034520143958
76,98,174,0.3652386232424672
57,24,81,0.5968803504924755
73,83,156,0.3913617968046754
83,58,141,0.5061293117656546
46,63,109,0.33350964579265363
23,53,76,0.21091334677752485
27,60,87,0.2228915514337647
40,46,86,0.3634587154004887
28,8,36,0.6191529705388181
62,64,126,0.4063062494903745
12,88,100,0.06999406437019488
76,97,173,0.36746487688697677
66,73,139,0.3936028736602849
61,75,136,0.36750091178865585
16,62,78,0.13039795219832026
11,65,76,0.08278516269157668
27,94,121,0.1581297973793454
91,49,140,0.56794467494597
57,29,86,0.557825607589722
40,85,125,0.2446411126139047
35,43,78,0.3433437231709859
75,27,102,0.6422725125202735
43,8,51,0.7198955322701224
10,83,93,0.059463070231909936
12,23,35,0.20831694987048957
55,44,99,0.4574214280657185
85,24,109,0.6932452101597395
2,95,97,0.005672685102266336
71,2,73,0.9054985182830947
3,69,72,0.014270807466925188
38,62,100,0.2909759925247873
0,12,12,2.1025014877572554e-17
16,65,81,0.12540826818701112
6,35,41,0.0688424814129593
64,61,125,0.42533066900099115
38,14,52,0.5974778016637287
79,92,171,0.38891997042277004
67,30,97,0.5929541644404
9,100,109,0.04404671054111355
61,23,84,0.622525808389156
36,6,42,0.7215891052555522
48,58,106,0.36137723199579247
39,21,60,0.5236261884175487
99,53,152,0.572672831591793
74,76,150,0.41449676994631696
52,10,62,0.7279366398602256
8,45,53,0.07852417850846262
33,90,123,0.1978849657307041
1,24,25,0.007096233501987266
21,34,55,0.2651595425889379
38,77,115,0.25117092535112345
24,27,51,0.3405299020949959
76,83,159,0.4017839337274671
0,87,87,0.0
85,48,133,0.5546312819295249
28,24,52,0.4050361132695787
9,15,24,0.21159367559548778
63,24,87,0.6222622842419964
80,42,122,0.5678346242942164
51,3,54,0.8489278568183386
21,20,41,0.36484508651543807
40,12,52,0.6386621744190016
96,88,184,0.44985809687825684
58,26,84,0.5851119111696723
58,23,81,0.609821476977911
12,41,53,0.13454631010274268
49,81,130,0.2982783314767892
89,95,184,0.41256364438913473
37,80,117,0.23896668928415254
25,97,122,0.1428295793380959
78,15,93,0.7507986045848927
62,49,111,0.46576112533977826
45,60,105,0.3380881176078474
78,9,87,0.8149501910373753
20,90,110,0.12089572411843906
89,9,98,0.8346039170870685
66,89,155,0.3506842444157112
39,89,128,0.2316056151523922
69,43,112,0.5235748200728699
97,58,155,0.5474476194803585
13,89,102,0.07601833536259127
86,54,140,0.5316279871244604
69,68,137,0.42097642170800376
18,8,26,0.5001174167780164
90,89,179,0.43026196292174923
41,95,136,0.23067093288569288
80,16,96,0.7462900984810511
85,87,172,0.4204157309446701
24,52,76,0.22230854157063412
27,75,102,0.18876402411860907
71,69,140,0.4252500550206418
20,89,109,0.12203674360446605
98,75,173,0.49197692980964675
87,100,187,0.39517002526449546
0,87,87,0.0
28,31,59,0.35265876715068556
89,8,97,0.8456237617357169
15,36,51,0.18708726420135469
15,54,69,0.13640766010620264
14,78,92,0.09286540270143614
99,58,157,0.5527994644956892
58,9,67,0.7639962773866296
95,48,143,0.5835373250331338
33,88,121,0.20128474291731485
47,98,145,0.25334643950964797
83,91,174,0.4040985991975951
77,45,122,0.5427490151750972
93,84,177,0.4521025271854289
3,76,79,0.012998086889435868
40,57,97,0.31957324017789795
1,35,36,0.004920407139810467
22,77,99,0.15158101831950355
96,38,134,0.6348997570372046
73,93,166,0.36646063291194464
19,68,87,0.14450813844415483
96,45,141,0.5999887448147024
54,52,106,0.4156150690106461
69,72,141,0.4082341902293349
35,7,42,0.6939599725535115
73,27,100,0.63567883232055
47,71,118,0.314526855599215
63,1,64,0.9166589839990573
52,63,115,0.36422398053844796
100,34,134,0.6664391435511032
34,67,101,0.251965742228649
74,42,116,0.5473509245919844
77,8,85,0.8251294803137523
10,70,80,0.06933557616004862
29,62,91,0.23196000154381544
11,62,73,0.086276766635949
66,41,107,0.5221772310609086
21,12,33,0.4661617830226639
62,52,114,0.45249119322970244
55,38,93,0.4897995995190719
59,55,114,0.4267504103946124
53,80,133,0.3192666242835357
18,44,62,0.1922355728861953
53,98,151,0.2794233693506971
49,71,120,0.32456134547484466
42,9,51,0.6974585747569193
14,56,70,0.12304739248362952
93,13,106,0.8014136606026787
78,72,150,0.4405523690431856
98,18,116,0.7680146975991269
65,71,136,0.3957550733623457
65,1,66,0.919040797379336
77,33,110,0.6088013903272276
68,91,159,0.35337225348255746
25,37,62,0.2902486909591067
48,0,48,0.9258998703338824
66,87,153,0.35552517760154473
52,10,62,0.7279366398602256
58,59,117,0.40671780553433473
53,69,122,0.34980063310587917
100,0,100,0.9630065017930143
53,89,142,0.2980104859493076
65,34,99,0.5587561692443305
47,15,62,0.6384749248397259
15,97,112,0.08287141976469586
60,11,71,0.7434903714672241
7,29,36,0.09753095418928728
78,95,173,0.3785902732326384
25,26,51,0.3585748589437075
12,53,65,0.1088887198826552
91,10,101,0.8272681581315192
68,19,87,0.6839094276365468
68,37,105,0.5525114869310618
22,18,40,0.3982909179893206
0,36,36,0.0
55,64,119,0.37519372157880543
54,18,72,0.6390649259565606
26,41,67,0.28049048016711
29,35,64,0.33729447780611677
58,2,60,0.886362257256914
22,33,55,0.2811849723246312
68,13,81,0.7445295089488064
66,17,83,0.6962453321422067
36,95,131,0.20560282854908118
85,30,115,0.6520760909845816
45,49,94,0.3805716814684006
96,76,172,0.4834575161163486
55,89,144,0.3066335034786473
18,92,110,0.10608807657526535
68,20,88,0.6748572348431644
82,2,84,0.9172855899143008
4,22,26,0.06150033723578355
81,42,123,0.5710718086813957
42,55,97,0.3388006141507639
52,8,60,0.7583484032350039
2,35,37,0.014950976833157678
7,65,72,0.047896319973655774
12,82,94,0.07455813875250168
25,78,103,0.1701503674917659
38,56,94,0.31070190101141837
87,10,97,0.8205423256074809
8,87,95,0.0432881153842945
47,40,87,0.43602826866762756
15,99,114,0.08138650983774753
87,92,179,0.4138808834972807
84,13,97,0.7841000614500552
29,67,96,0.2193115849906457
16,9,25,0.44518497748164865
40,80,120,0.2553174050125844
49,29,78,0.5173105378126465
80,8,88,0.8307460942048916
17,28,45,0.2510808467213792
37,47,84,0.33922955630167256
32,63,95,0.249792521484214
33,29,62,0.40984032508164014
69,17,86,0.7060408872053765
77,97,174,0.3707611491544951
82,69,151,0.463509223638359
26,56,82,0.22648065670402737
17,11,28,0.4240904429659718
46,80,126,0.28616266218332564
92,0,92,0.9599186107143782
4,60,64,0.024571201396618017
38,94,132,0.2175012846702949
95,2,97,0.9279124175258422
22,50,72,0.21126630975195265
73,40,113,0.5543755190871066
92,30,122,0.6707060180057386
1,10,11,0.01623217288588484
76,35,111,0.5933027387122501
57,44,101,0.46705646765298536
77,52,129,0.510636145573879
84,14,98,0.7743875696687048
0,44,44,0.0
73,100,173,0.3508507580998413
39,20,59,0.5337247056692838
39,59,98,0.3066658517438515
90,54,144,0.5436465771441877
8,91,99,0.0415144025029118
34,86,120,0.21040628091756455
26,28,54,0.3539397274661188
51,61,112,0.3661378448952172
91,1,92,0.9409721438693747
29,73,102,0.2058490839451994
41,23,64,0.5182085060977909
39,58,97,0.310021966016566
88,50,138,0.5547613929154617
45,72,117,0.30146439061091146
8,2,10,0.4901624715366418
50,0,50,0.9286524008666414
43,23,66,0.5311216021303434
14,66,80,0.10720636440977926
50,93,143,0.27635498479832554
29,38,67,0.3210431149754174
49,61,110,0.35597712785236774
7,87,94,0.036538580866566396
11,8,19,0.3627590353425504
61,11,72,0.7467771063249945
89,51,140,0.5533637535553209
11,62,73,0.086276766635949
63,25,88,0.6142041863950728
69,51,120,0.4855775172299302
63,52,115,0.4567842714432962
83,59,142,0.5022696275729425
76,34,110,0.599333979615054
100,39,139,0.6396094018609769
69,7,76,0.8218729215106378
31,44,75,0.3087772913040633
5,62,67,0.032296049166322637
41,72,113,0.2800425427544222
85,11,96,0.806373787627206
99,78,177,0.4856922410236061
91,13,104,0.7978100094584701
97,22,119,0.7359201390242527
16,37,53,0.19518302727578898
66,98,164,0.3304493300942288
11,66,77,0.08168331639914732
35,89,124,0.2105046043349641
14,0,14,0.7846891972623642
98,16,114,0.7841242430114448
73,14,87,0.7478296289321998
4,97,101,0.015507146202925827
81,93,174,0.3929477779322225
81,34,115,0.6154327036904665
44,65,109,0.3163643534878716
74,57,131,0.479337215463082
73,76,149,0.41093364536138527
42,86,128,0.25282984471663306
7,69,76,0.04533400406377609
11,41,52,0.12244370532487484
52,19,71,0.6194601134214525
77,73,150,0.43401791270739326
97,83,180,0.46601427409434315
8,11,19,0.23141891282454238
36,97,133,0.20239334914612536
70,16,86,0.7189498897582023
4,55,59,0.026678618971304358
64,92,156,0.3361287078663862
64,64,128,0.41465224626050723
21,87,108,0.1308437772336483
3,63,66,0.015578274334433507
45,75,120,0.29352429786446804
38,26,64,0.4714520812860451
10,99,109,0.05059743473947775
1,3,4,0.045587260809700575
69,80,149,0.3849579354501229
88,21,109,0.7233607358661399
75,96,171,0.36638096268117765
96,71,167,0.49901716259823153
21,1,22,0.7820195416134267
71,30,101,0.6077495802310494
77,24,101,0.6707248418003477
39,64,103,0.29092715646348816
76,84,160,0.3991189168067862
71,36,107,0.5697390194208204
85,23,108,0.7006656475723132
100,78,178,0.48836488717539467
7,6,13,0.29143795714506004
30,85,115,0.18927463646034007
35,54,89,0.2982154443824812
34,90,124,0.20335103799776544
75,100,175,0.35756132054833145
58,56,114,0.4182240979045792
71,99,170,0.3461332487461217
87,74,161,0.46334706624244665
87,85,172,0.4317896129257074
0,46,46,0.0
19,46,65,0.19583410987679917
23,87,110,0.14356370862133006
95,82,177,0.4632623072340902
22,8,30,0.555520383048111
35,22,57,0.4842973291580957
90,40,130,0.6084018917711
18,16,34,0.36736712980068925
1,23,24,0.0073934561655057815
82,82,164,0.42435704738802893
15,18,33,0.29842938513876116
4,79,83,0.01889861550329229
73,90,163,0.3735883294789113
43,36,79,0.4349833293376871
73,57,130,0.4756900040202974
94,59,153,0.5353504975749608
26,13,39,0.50977394399346
88,83,171,0.44021640613095836
38,47,85,0.3459365569169934
48,13,61,0.6687758459836244
1,99,100,0.0017674320641406526
75,37,112,0.5781822928533299
81,40,121,0.5815244079594877
58,15,73,0.6882634698485864
8,99,107,0.03837010310343535
98,47,145,0.5959929064556522
8,36,44,0.09512805715627728
21,14,35,0.435727090128925
3,83,86,0.011933798077408377
79,3,82,0.8978726535639152
65,11,76,0.7591255101452948
93,79,172,0.4661462214322328
86,87,173,0.42348084464381924
55,48,103,0.4381614297995515
76,21,97,0.691598378253373
30,91,121,0.17954720310339004
91,21,112,0.7303087134885468
98,24,122,0.7239527940587408
20,37,57,0.2400042200916009
52,45,97,0.4373642074663674
9,69,78,0.061905106255333214
64,80,144,0.3657768278756152
38,100,138,0.20768264802332717
15,85,100,0.09305985283656631
64,24,88,0.6261879505104913
34,48,82,0.31416560141316624
86,69,155,0.47621378263151265
3,58,61,0.0168659826687624
6,51,57,0.04914465852374462
54,21,75,0.6095930981193548
36,57,93,0.29446055347923916
81,19,100,0.7222115462093562
59,21,80,0.6318104033557183
50,3,53,0.846297916898191
52,73,125,0.33335906750664096
78,83,161,0.4085416975826877
30,29,59,0.3843514305938966
0,80,80,0.0
52,9,61,0.742767647052789
24,5,29,0.6545156010980476
35,55,90,0.2946991721093655
77,98,175,0.3685271417178468
14,7,21,0.45373451974255247
5,90,95,0.022688113049149552
60,3,63,0.8690903216209392
87,51,138,0.5473886986554006
25,40,65,0.27595007375002106
45,70,115,0.307002704355581
26,72,98,0.18795724173122724
70,21,91,0.6728332884644229
10,34,44,0.1284194759491715
10,5,15,0.41713547738519774
76,59,135,0.4786961362500334
79,65,144,0.4671226830259511
73,26,99,0.6429956284754338
0,67,67,0.0
97,9,106,0.8464662498497446
59,96,155,0.30796797314846935
73,23,96,0.6660761768160147
90,33,123,0.6472648493267802
12,2,14,0.6005862050302965
76,40,116,0.5649544164278094
50,77,127,0.31304877885058896
67,40,107,0.5316194156172028
99,0,99,0.9626467879321727
92,54,146,0.5494304054900806
66,95,161,0.33692762235096096
59,92,151,0.3165409622035034
11,90,101,0.06191128093458514
57,32,89,0.5368541183779016
74,16,90,0.7305610795529596
12,7,19,0.41039533164803066
61,28,89,0.5829550301758069
25,67,92,0.19135775649245326
32,87,119,0.19739336707022212
42,60,102,0.32115190435089147
68,55,123,0.4647039674414263
62,60,122,0.42059917554785475
81,41,122,0.5762487470090507
3,84,87,0.011795820527505977
1,37,38,0.004660587685768798
19,34,53,0.24301952552808762
87,90,177,0.41884227712016736
32,32,64,0.3810209474394701
94,72,166,0.4902182632474155
22,12,34,0.47913963119781733
94,93,187,0.4316825137028354
41,32,73,0.447577763251736
46,22,68,0.5584449810050397
63,3,66,0.8746668588675779
41,99,140,0.2238154256546175
34,35,69,0.3783242300928733
33,0,33,0.895730002457548
19,38,57,0.22493806075150727
71,92,163,0.361814364388415
56,61,117,0.39024289320810457
79,59,138,0.48906212405330785
45,22,67,0.5525818124773147
63,18,81,0.6758471376953772
49,27,76,0.5325638551414933
40,14,54,0.6106910949571831
94,59,153,0.5353504975749608
46,60,106,0.34355712720931625
2,53,55,0.010029541289333565
7,45,52,0.0667688170539614
70,53,123,0.4808088023662691
74,3,77,0.8916001812736711
13,59,72,0.10866816510019896
24,6,30,0.6269430358685175
84,88,172,0.4147434532228329
9,43,52,0.09382474391310204
75,97,172,0.3641351394653982
75,13,88,0.7634888952813075
84,23,107,0.698057839684419
10,4,14,0.4535091567010681
13,55,68,0.11527294030924927
70,49,119,0.4984009515831999
7,23,30,0.11792388144489496
97,5,102,0.8903421993187709
63,63,126,0.4139974353838817
62,21,83,0.643977037833542
34,40,74,0.35073370926379704
50,0,50,0.9286524008666414
43,94,137,0.24213652873085828
10,47,57,0.0981885223970996
3,64,67,0.015343975122038646
51,51,102,0.40474447240912576
61,92,153,0.3245063564457351
64,50,114,0.46978749853445906
86,10,96,0.8187783586967836
90,24,114,0.7058275305506708
75,79,154,0.40935240799808725
11,85,96,0.06519871993416432
99,37,136,0.6476562130597405
11,37,48,0.13307826266911235
41,36,77,0.42215020982869195
69,80,149,0.3849579354501229
43,29,72,0.48180671684951565
83,21,104,0.7109532914424468
35,31,66,0.41157685726598636
31,81,112,0.20237779994217756
19,19,38,0.34849928364395105
83,83,166,0.42480374020946343
23,47,70,0.22998869307186084
28,93,121,0.1652313660291274
51,32,83,0.506901079362841
20,41,61,0.2233511979855363
79,41,120,0.5697483143197223
22,80,102,0.1469720019825288
78,13,91,0.7707818642734304
58,69,127,0.3726036076470353
35,61,96,0.27523940085174403
88,26,114,0.686791544138177
25,66,91,0.19355178327653005
91,45,136,0.5863474458739514
81,99,180,0.37912310020629947
65,85,150,0.35667590320996057
85,61,146,0.5010880861123241
6,19,25,0.11496313693401443
84,66,150,0.48004853263627306
84,86,170,0.4199265502670985
78,99,177,0.36956842662316114
24,45,69,0.2461814192862435
12,44,56,0.12705904249095648
15,30,45,0.21358874934330035
80,14,94,0.7654011494244457
49,93,142,0.27188935953889015
87,30,117,0.6576092090168963
19,25,44,0.296827234085178
0,87,87,0.0
25,60,85,0.20785527078882202
40,17,57,0.5733571989653999
100,35,135,0.660882754519734
22,91,113,0.13223331226239293
42,90,132,0.2448292449661456
41,40,81,0.3995078470731793
91,34,125,0.6440649618349569
67,64,131,0.42675268710896036
5,70,75,0.028810062899493723
32,52,84,0.28447149245488984
18,27,45,0.27024886565009165
24,47,71,0.23884988425189946
59,10,69,0.7533647839478653
57,97,154,0.29789912399152113
64,40,104,0.5193615482827892
37,12,49,0.6191368101239605
40,35,75,0.4215753738908497
41,29,70,0.4688121178456046
95,79,174,0.4718029976687252
95,53,148,0.5619587362651568
17,79,96,0.11360507865666794
74,4,78,0.8754332345270551
72,29,101,0.6181195096913985
38,12,50,0.6258731624205708
57,37,94,0.5053112567832916
94,75,169,0.4808848958558567
62,15,77,0.7031488665717038
85,49,134,0.550096808408082
83,89,172,0.4090809574826445
33,81,114,0.21416645463441683
58,10,68,0.7500260574669123
92,64,156,0.5113022842750554
43,88,131,0.25372892612184567
60,80,140,0.3495844356842502
54,6,60,0.7985053527602124
94,57,151,0.5430630840583557
11,71,82,0.07658691429563846
46,42,88,0.419619594943873
75,31,106,0.614910719502268
43,62,105,0.3202789903760395
36,74,110,0.24671132610522006
74,66,140,0.4462281801678338
91,15,106,0.7795766972144925
82,9,91,0.8226142190849852
97,52,149,0.5715497080618411
67,77,144,0.3857722978124188
32,45,77,0.31209184642228643
82,26,108,0.6706206664021658
50,7,57,0.7675355156482598
16,96,112,0.0898866108910182
56,92,148,0.30425405169196873
64,96,160,0.32729407600252003
95,33,128,0.6601308077044308
17,19,36,0.3198604151517906
90,24,114,0.7058275305506708
9,97,106,0.04531155885413671
71,75,146,0.40662432642471946
36,66,102,0.26707997479873313
48,43,91,0.4258775965842534
28,3,31,0.7510006155660716
89,47,136,0.571236240216938
26,45,71,0.2637022133397451
75,89,164,0.38292081333617
69,6,75,0.836252096664777
4,89,93,0.016851153993758475
34,15,49,0.5547210644108935
61,87,148,0.3360611506910144
31,33,64,0.36633551665432634
3,46,49,0.021040146672967473
16,19,35,0.30466019288407215
4,44,48,0.032883756818091775
96,16,112,0.7804856487003439
71,28,99,0.621638844415831
73,47,120,0.5189378169992732
15,26,41,0.23589831019689445
17,98,115,0.09439018445807179
22,82,104,0.14405224703282507
84,21,105,0.7135226289709666
45,95,140,0.24972733023420338
30,44,74,0.30090564462555786
56,29,85,0.5531313859346882
28,60,88,0.23022582402932687
14,1,15,0.7018347012621998
31,71,102,0.22312421271980248
82,13,95,0.7798355682887076
74,13,87,0.7609539966071731
65,67,132,0.408566070250702
6,100,106,0.02619761961792608
30,52,82,0.2697862503419967
4,3,7,0.2504583645276572
58,98,156,0.2998913002929936
1,2,3,0.061491944720396215
97,95,192,0.43508285457669654
36,15,51,0.5700092442431359
22,71,93,0.16172664321056143
59,63,122,0.3967938072853936
4,30,34,0.04671446664882335
97,91,188,0.444919907154863
45,78,123,0.28599442793442076
40,8,48,0.704221715987444
82,46,128,0.5545225368033343
92,58,150,0.5334979124018292
56,16,72,0.6690904506199482
4,53,57,0.027626420229066022
97,97,194,0.4303278131110353
59,31,90,0.5528347234071513
29,5,34,0.6987194350454783
49,50,99,0.39850799791397756
85,46,131,0.563936441087627
46,43,89,0.4145058525044388
27,72,99,0.19472403301372163
17,82,99,0.1100666097813685
51,72,123,0.3314444281869028
18,73,91,0.12894460057000098
20,52,72,0.1876028585682937
20,29,49,0.2821523852038687
98,26,124,0.7104964354189083
99,54,153,0.5685807725624394
92,14,106,0.790446438441858
49,94,143,0.26990063926074004
98,67,165,0.5176956937499576
45,2,47,0.8575147232210055
2,7,9,0.06322510711784671
29,19,48,0.4631040849254725
7,95,102,0.03363822087686713
16,5,21,0.5490882631704924
80,21,101,0.7029625025090621
93,86,179,0.44672278578328783
83,13,96,0.7819886149785562
89,6,95,0.8689934899993075
83,46,129,0.5577047906344217
73,2,75,0.9078851181224086
100,89,189,0.4580684386634122
44,22,66,0.5465634388771762
7,90,97,0.035394158308664915
48,81,129,0.2935118520317434
13,48,61,0.12899773740057444
22,97,119,0.12537708035320613
91,94,185,0.4207528978579792
94,24,118,0.7151769904138202
25,36,61,0.2953533743182536
96,74,170,0.4895610771573027
76,68,144,0.4465800439053784
2,22,24,0.023158815297043313
64,27,91,0.6027596483701375
95,43,138,0.6069136068529344
28,68,96,0.21016592525216699
21,53,74,0.19373547108022537
42,48,90,0.3670842495769752
100,42,142,0.6245807235434448
61,1,62,0.9141327973931
44,31,75,0.4736651586070436
78,94,172,0.3809156862280315
88,10,98,0.8222723377188417
29,13,42,0.5397400606391092
15,12,27,0.37313024513224485
11,50,61,0.10379140124053363
38,63,101,0.28793111629301993
27,48,75,0.26064928908616347
92,28,120,0.683445529241854
20,96,116,0.11447441060238224
30,3,33,0.7642739435353026
72,52,124,0.49264969025250527
86,74,160,0.4602705834613365
70,88,158,0.3678472417665207
45,98,143,0.24426536931766452
74,77,151,0.4115734958768447
21,60,81,0.17627558934588536
87,34,121,0.6331352631884987
56,51,107,0.42957062137346386
3,36,39,0.026507395303779747
48,99,147,0.2559823897760879
76,43,119,0.5492576585240164
76,95,171,0.3720006030411409
6,57,63,0.044383484276892
24,39,63,0.2711746846567971
92,52,144,0.5577706610773409
89,53,142,0.5448538752784042
51,55,106,0.3883511832212952
55,78,133,0.33341361077247444
53,64,117,0.3657204174214863
17,92,109,0.09971544799437598
68,77,145,0.38959136753048595
23,61,84,0.18992825695769275
5,78,83,0.02600340104188201
46,78,124,0.2910183895329477
50,1,51,0.8969543127385502
71,58,129,0.4643248997495745
72,63,135,0.44942253647808705
84,56,140,0.5172255704404097
20,2,22,0.7218505315839417
46,72,118,0.30663517328494544
34,63,97,0.26291093968524726
8,0,8,0.6755924351161198
64,26,90,0.6103595640200169
81,64,145,0.4773213718735154
74,18,92,0.7117967165323347
47,40,87,0.43602826866762756
51,36,87,0.4812159672619939
65,28,93,0.5993307953519995
9,40,49,0.09976341062070307
95,43,138,0.6069136068529344
26,29,55,0.34693098361319313
88,85,173,0.4348000456743291
84,5,89,0.8751458326492151
82,29,111,0.6500078016644905
79,83,162,0.41186525068453234
66,71,137,0.3997272478544019
85,55,140,0.5244180870426445
82,70,152,0.4602383829082562
32,30,62,0.39447459605660673
89,54,143,0.54069935326447
34,26,60,0.44103438776125564
78,68,146,0.4534942708275301
24,88,112,0.1484406835400534
38,8,46,0.6927664628362151
52,100,152,0.271411428499525
52,43,95,0.44738266913924607
79,94,173,0.3841676492534694
60,35,95,0.5312312475552954
31,54,85,0.27029319054247747
66,87,153,0.35552517760154473
56,71,127,0.3575874414695387
42,78,120,0.27051899590285405
100,52,152,0.579416758809139
42,46,88,0.37606627979227725
56,34,90,0.518997640581835
30,17,47,0.4953589653479511
79,53,132,0.5132181756799004
27,76,103,0.18685786502915583
27,60,87,0.2228915514337647
67,34,101,0.5667267191475078
81,43,124,0.5659906756198104
4,1,5,0.37553462976252533
24,70,94,0.17799345615469594
61,33,94,0.5483320855549355
33,4,37,0.7529146845587399
79,46,125,0.5446987023994566
50,59,109,0.36817162041888235
58,36,94,0.5159955881639535
60,8,68,0.784650962802083
54,57,111,0.3955239536669479
93,45,138,0.5919130420183688
97,32,129,0.6708487306573389
85,0,85,0.9567605161859485
36,55,91,0.3013318196389939
85,65,150,0.4866798706275503
35,29,64,0.4257359722005412
80,24,104,0.6795448838800339
20,71,91,0.14702124789768775
68,69,137,0.41387623964248627
94,40,134,0.6192792073665024
44,44,88,0.3977416670083897
75,98,173,0.3619169305686286
20,84,104,0.12808145190298778
37,47,84,0.33922955630167256
9,42,51,0.09572403469126317
72,64,136,0.4458728430542403
24,36,60,0.2856949053488256
69,22,91,0.6609819026529659
65,38,103,0.5347408308679621
23,78,101,0.1568082705601503
66,41,107,0.5221772310609086
19,47,66,0.19271949979806716
93,66,159,0.5071960824972742
72,47,119,0.5152490035352083
8,84,92,0.044721188963793644
38,53,91,0.3216129812076078
94,8,102,0.8528127275871086
53,82,135,0.31428314434156
87,89,176,0.4213684303461268
99,54,153,0.5685807725624394
64,85,149,0.35280468647775176
79,73,152,0.4408087537451127
94,81,175,0.46326340478742495
13,19,32,0.25519634842665434
1,22,23,0.007716666143453147
5,87,92,0.023435063948632363
52,34,86,0.4989772079672809
45,6,51,0.7661915568567753
14,98,112,0.07594026855583394
3,85,88,0.011660997199585453
30,5,35,0.7062444591340484
72,98,170,0.3517480969915849
43,40,83,0.4121775709212428
96,17,113,0.772230734012465
82,82,164,0.42435704738802893
41,47,88,0.36530468030457786
11,31,42,0.15302640287832986
5,19,24,0.09244825352851857
94,58,152,0.5391784095013982
28,94,122,0.16383117707450587
40,59,99,0.31271856818224286
23,45,68,0.2371425321525542
62,67,129,0.39621670979661344
15,24,39,0.2489137346556135
84,70,154,0.46666108749448737
37,1,38,0.8650512388404787
27,2,29,0.7803541984972431
55,29,84,0.548337948187197
31,23,54,0.4416273382599006
29,87,116,0.1800749444422751
70,64,134,0.4383759481891219
34,23,57,0.4669729242085391
49,15,64,0.6486674241743136
85,62,147,0.4974048288234649
60,7,67,0.7996871695126198
100,39,139,0.6396094018609769
30,23,53,0.4326535142760728
11,53,64,0.09877742301244645
29,21,50,0.44233441768578236
75,95,170,0.36865492537755234
16,60,76,0.13395146709874356
56,94,150,0.29999831389115217
81,37,118,0.5979749321048041
43,88,131,0.25372892612184567
84,40,124,0.5908802892204477
64,61,125,0.42533066900099115
90,14,104,0.786649411801308
27,12,39,0.5357874562585069
50,56,106,0.3793275512032211
37,61,98,0.2879054514692203
22,12,34,0.47913963119781733
8,39,47,0.0888636387649026
91,78,169,0.46328184981921783
60,26,86,0.5938796504460165
87,6,93,0.8663200583761685
68,54,122,0.4688262594830732
92,83,175,0.451977087031081
53,81,134,0.3167551329625033
24,4,28,0.685101978364747
48,45,93,0.4159554924872243
53,53,106,0.4064949753041685
61,19,80,0.6585922106615943
87,96,183,0.4043066017661542
16,25,41,0.2565614506012352
57,14,71,0.6958031829491169
68,62,130,0.4377945808771582
1,40,41,0.004318531568912406
38,36,74,0.40181114568899073
54,31,85,0.5291813302163224
2,30,32,0.017310567031640967
60,62,122,0.40470616207882215
10,39,49,0.11481849605782132
23,93,116,0.1359127240755418
94,81,175,0.46326340478742495
32,60,92,0.25837759483406253
38,84,122,0.23611488995725874
86,76,162,0.4541933296835393
44,95,139,0.24504389113703245
72,84,156,0.38517415390541165
6,34,40,0.07061187717320361
92,8,100,0.8500189229905127
97,76,173,0.486215310976602
98,38,136,0.6399124952779254
41,15,56,0.6040544407084485
60,18,78,0.6644424217371642
66,61,127,0.4334982829550757
60,81,141,0.34696329964055894
3,37,40,0.025836025774588198
68,22,90,0.6575162887069911
71,14,85,0.7423169668021895
37,45,82,0.34811270021487606
28,9,37,0.5988270787855735
54,96,150,0.28756583250443635
28,76,104,0.19333261217600778
64,73,137,0.38564687707383344
15,95,110,0.08441156444990071
33,55,88,0.28107922931825335
65,13,78,0.7354442476924204
37,22,59,0.4995359106706382
70,21,91,0.6728332884644229
64,56,120,0.444427892696743
41,4,45,0.7926642466571064
21,30,51,0.2875439520458094
72,25,97,0.6471740604185198
45,44,89,0.403685552409757
46,0,46,0.9229264369144197
82,48,130,0.5451705848983546
52,89,141,0.29362305911204956
41,52,93,0.34429385129378526
0,24,24,1.1962983316807505e-17
41,97,138,0.2271912756135077
40,99,139,0.21901556271223302
22,42,64,0.23923142078443355
6,6,12,0.2537815976337061
10,4,14,0.4535091567010681
34,75,109,0.2326111457736764
23,4,27,0.6752131457218702
60,43,103,0.4860016272725328
100,17,117,0.779589756996023
28,2,30,0.7867654163738308
52,22,74,0.5906708986801543
76,62,138,0.46747966631843885
37,54,91,0.31144785570954503
76,85,161,0.39648943674506937
77,68,145,0.4500583911091925
38,36,74,0.40181114568899073
10,94,104,0.05306996868128023
76,75,151,0.4244764585882516
26,71,97,0.18997555675549907
71,85,156,0.3789990542629741
37,27,64,0.456100315400829
62,48,110,0.4703630331129352
92,15,107,0.7815182005609461
64,53,117,0.4567487789403747
87,61,148,0.5072923822791064
51,20,71,0.6045798293119349
31,44,75,0.3087772913040633
1,6,7,0.025679624344743555
94,62,156,0.5241946624878965
3,34,37,0.027960574100447978
31,85,116,0.1951241465369091
41,80,121,0.2606267640395832
76,26,102,0.6527012596010673
3,72,75,0.013696064260143935
19,38,57,0.22493806075150727
2,3,5,0.11762077423264786
50,94,144,0.2743467584844424
61,78,139,0.3590967234423357
83,33,116,0.6275380247564369
9,90,99,0.048565762881513215
50,82,132,0.30056999410898055
75,92,167,0.37565110886717273
60,50,110,0.4524405818800455
82,46,128,0.5545225368033343
70,18,88,0.6996803607394828
42,58,100,0.3279838267435473
49,9,58,0.730660191401075
54,58,112,0.3917398977058998
26,25,51,0.376809238945697
26,69,95,0.1941455436715417
78,4,82,0.8811853807742406
99,54,153,0.5685807725624394
91,90,181,0.4306254966688217
44,38,82,0.4294472560322624
4,76,80,0.01961355453554428
46,100,146,0.24527826405551967
10,55,65,0.08577094066988503
25,9,34,0.5688285871705533
17,12,29,0.40737835987878585
98,8,106,0.8580995900747054
88,52,140,0.546100629606141
95,76,171,0.4806704810446478
40,0,40,0.9123783988027134
47,88,135,0.27299817508686886
82,28,110,0.656725793820705
87,94,181,0.40903705648289873
4,25,29,0.054974399641119644
24,29,53,0.3265757915292224
50,0,50,0.9286524008666414
13,24,37,0.2182560713392713
44,13,57,0.647939889543265
33,31,64,0.3958160147858012
7,41,48,0.0724824932660371
74,18,92,0.7117967165323347
77,39,116,0.5738006683624061
20,96,116,0.11447441060238224
18,87,105,0.11127785378367308
10,97,107,0.051558266218504206
50,27,77,0.5379942353978194
72,85,157,0.38257508234352977
35,71,106,0.24797991299553798
19,10,29,0.4734510409047614
35,99,134,0.1942139344898909
6,21,27,0.10607239452360036
42,56,98,0.3351157901639468
46,58,104,0.3506024390721901
57,26,83,0.5805862952746207
78,88,166,0.39549799566863636
63,29,92,0.5840668992376272
74,25,99,0.6537553108987587
59,15,74,0.6921222305619935
63,50,113,0.4655522249552941
92,45,137,0.5891489046040097
86,73,159,0.4633716934259897
14,82,96,0.08890205780138638
76,98,174,0.3652386232424672
83,41,124,0.5825577946350449
60,94,154,0.31617204318889114
94,77,171,0.4748612850928168
53,33,86,0.5106287727439646
93,71,164,0.4905630645455103
11,80,91,0.06885508485107264
56,45,101,0.4572998310457331
3,31,34,0.03046594367464854
25,61,86,0.20532573748758295
99,17,116,0.7777948323656809
1,73,74,0.002389463403456815
63,91,154,0.3345693052970732
20,46,66,0.2055402105801948
77,1,78,0.9308914299829779
91,10,101,0.8272681581315192
16,71,87,0.11649466965641425
27,62,89,0.21764190852088772
2,72,74,0.007443352638267215
73,79,152,0.4023080874564109
91,59,150,0.5267662048449177
17,84,101,0.10782774555411627
48,96,144,0.2615528645260525
14,82,96,0.08890205780138638
57,83,140,0.3292957184432437
5,54,59,0.03674203301763674
88,77,165,0.45732028560774496
2,78,80,0.006882893202970645
50,1,51,0.8969543127385502
32,71,103,0.22947336321624376
57,71,128,0.36205524949299805
67,15,82,0.7198781157085606
22,60,82,0.184361204922015
16,85,101,0.09992756899137685
67,46,113,0.5007315015651076
73,37,110,0.5711495969124046
36,10,46,0.6442631262842106
34,24,58,0.45798408170855665
24,49,73,0.231944858647
13,89,102,0.07601833536259127
78,41,119,0.56642363175177
7,82,89,0.03861982216517404
16,49,65,0.15757986855897985
46,83,129,0.2791772862809681
57,76,133,0.3476375968578428
63,21,84,0.6478572653412803
5,1,6,0.4364971778135299
85,67,152,0.47978845905599204
75,21,96,0.688620932638833
72,21,93,0.6793354933632196
41,13,54,0.6305247581649721
24,29,53,0.3265757915292224
23,43,66,0.2447587406192953
41,38,79,0.41051105599405935
6,23,29,0.09846070197841038
87,20,107,0.7288517015069754
12,54,66,0.1071860640560806
46,8,54,0.7339988471639411
39,88,127,0.23350810352350646
19,74,93,0.134876423343035
82,65,147,0.4770805391709516
62,16,78,0.6924602695475389
3,83,86,0.011933798077408377
29,42,71,0.3016873026992986
71,24,95,0.6515543870202924
32,60,92,0.25837759483406253
52,45,97,0.4373642074663674
11,86,97,0.06451358102935628
8,46,54,0.0770306313760534
75,86,161,0.39048063197041805
79,19,98,0.7169317562014913
48,85,133,0.28424538924124404
22,1,23,0.7900884492974113
7,93,100,0.034319261067272684
38,66,104,0.2791697594973867
84,67,151,0.4766287559417281
46,8,54,0.7339988471639411
64,95,159,0.3294585706439542
93,92,185,0.4313356268671967
64,10,74,0.768808214474767
98,82,180,0.47151949265004
25,18,43,0.43328577386964223
15,27,42,0.22989188315618772
80,83,163,0.4151526790080117
75,98,173,0.3619169305686286
31,15,46,0.5296773241932242
21,33,54,0.270419338291165
91,33,124,0.6499148550667714
38,67,105,0.27636738958549767
10,84,94,0.058818890242999695
71,69,140,0.4252500550206418
64,94,158,0.33165210857864863
37,92,129,0.21582902965324355
14,90,104,0.08191117076579206
70,6,76,0.8382725651786194
60,72,132,0.37208737782123635
87,18,105,0.7452274603731152
23,61,84,0.18992825695769275
1,51,52,0.003402808070945163
59,72,131,0.367806930332062
2,13,15,0.03736125910306536
100,41,141,0.6295069157458132
2,42,44,0.012555109949594962
22,66,88,0.171283233772325
63,86,149,0.34641676852419734
99,22,121,0.7400294816388654
82,25,107,0.6778096733434971
2,64,66,0.00834991019865375
55,65,120,0.3718612878252585
60,75,135,0.3633138095245094
93,25,118,0.7059275475272522
8,72,80,0.05154761556738083
68,94,162,0.34647764920494917
44,30,74,0.4807583890640794
40,62,102,0.30297518189262695
100,46,146,0.6056591654762566
83,34,117,0.6215187946754994
100,36,136,0.655424390111397
72,44,116,0.5298630447498485
18,100,118,0.09872232482421497
55,11,66,0.7256941288004796
98,66,164,0.5211054422660478
30,48,78,0.28449042755668413
28,76,104,0.19333261217600778
96,4,100,0.9016292856411207
17,1,18,0.7424269921812741
67,59,126,0.444972621282495
89,83,172,0.4432026034257563
95,65,160,0.5163168856257644
97,93,190,0.43994562744843185
87,88,175,0.42392564596037857
62,23,85,0.6265804034631293
67,0,67,0.9457738606086981
82,61,143,0.49148823778966055
51,89,140,0.28918400794130444
77,24,101,0.6707248418003477
73,96,169,0.35960227796656036
17,93,110,0.09878652361939873
5,93,98,0.02198731140402473
77,60,137,0.47839647165220356
11,80,91,0.06885508485107264
55,81,136,0.3256531710878625
17,62,79,0.13892204732058672
91,59,150,0.5267662048449177
97,47,144,0.5933828868381696
76,36,112,0.5873974162718208
45,92,137,0.2554403475246919
52,84,136,0.3049760312382753
3,78,81,0.012675114183298112
84,1,85,0.9363282911750611
84,64,148,0.48704060599477816
72,20,92,0.6879299890322916
35,98,133,0.19572831006015987
88,56,144,0.5295890683279645
75,84,159,0.3956905073832912
89,54,143,0.54069935326447
65,2,67,0.8975344443664799
1,26,27,0.006568145980785116
94,29,123,0.6819219808902864
73,43,116,0.5385927441329772
12,98,110,0.06351460897644064
33,74,107,0.22881739747870233
100,77,177,0.49132288710075717
68,62,130,0.4377945808771582
57,88,145,0.3173450841066292
21,81,102,0.13878889510825385
54,21,75,0.6095930981193548
3,22,25,0.04166817150440358
78,18,96,0.7229774574820691
17,89,106,0.10261020166712781
54,82,136,0.3187421647577285
10,91,101,0.05467303296704735
74,34,108,0.5925146304663462
12,50,62,0.11433808240290247
35,10,45,0.6373070782524372
34,67,101,0.251965742228649
1,72,73,0.002422251466483861
1,53,54,0.0032764877182290654
76,33,109,0.6054955515468173
18,19,37,0.3344640430301664
22,96,118,0.12646990810018152
53,66,119,0.3591798565575445
64,82,146,0.36047404684832196
100,32,132,0.6778581786350322
15,7,22,0.4731859774104275
60,51,111,0.44802860675412204
35,85,120,0.2178156362103854
62,79,141,0.3604657342036181
19,45,64,0.19905151325539794
14,13,27,0.3398561575495229
43,67,110,0.3048798577839022
17,34,51,0.21969931853588515
95,21,116,0.7390492763673853
92,23,115,0.7177361124382665
53,18,71,0.63446074646439
40,37,77,0.409640050772093
95,1,96,0.9433338237728424
34,27,61,0.43303367693143874
13,50,63,0.1247531961549383
99,77,176,0.4886501119972675
50,74,124,0.32105026463452474
62,41,103,0.5053868568583854
24,65,89,0.18842052579739252
15,28,43,0.2241858999735271
14,57,71,0.12125532301202224
24,9,33,0.5578244099712737
47,26,73,0.5293349749798597
50,12,62,0.6914820382117387
30,48,78,0.28449042755668413
34,14,48,0.5682074019042831
11,73,84,0.07472221316943051
87,51,138,0.5473886986554006
96,15,111,0.7889545906393329
55,93,148,0.29793848274695317
69,20,89,0.6782264081966249
19,55,74,0.17097707299565887
59,55,114,0.4267504103946124
37,89,126,0.22118130297473332
29,30,59,0.3684383690774015
6,43,49,0.05734825790240153
37,58,95,0.2975409519053737
76,35,111,0.5933027387122501
45,62,107,0.3313727075937229
75,22,97,0.680395582012087
16,52,68,0.15034491020295795
54,46,100,0.44264860323368227
14,93,107,0.07956512495452905
29,41,70,0.30630178568736466
58,15,73,0.6882634698485864
86,56,142,0.5234863173987483
89,59,148,0.5208675133747347
66,22,88,0.6503697004398789
56,44,100,0.46228104651676977
5,47,52,0.04177435105257249
35,65,100,0.26364248243097527
20,54,74,0.18230227922078243
29,60,89,0.2374397245029349
85,70,155,0.46981660275352854
14,77,91,0.09391213405915476
98,7,105,0.8687443513174589
11,100,111,0.056240217745480645
45,37,82,0.44130776131828087
67,98,165,0.33409149951635214
67,77,144,0.3857722978124188
59,5,64,0.8298046264583709
42,21,63,0.5436724114497559
85,24,109,0.6932452101597395
29,66,95,0.22172919278467976
59,24,83,0.6057077916547713
15,18,33,0.29842938513876116
91,12,103,0.8073288034372147
18,58,76,0.15539330268790588
80,34,114,0.612316332247667
36,59,95,0.2878980426320407
35,39,74,0.36338706920848024
27,76,103,0.18685786502915583
3,40,43,0.02401158957721449
22,47,69,0.22094760450383108
41,76,117,0.2699839639664324
87,57,144,0.5225848540044729
5,99,104,0.020708042325852227
0,40,40,0.0
49,12,61,0.6869005942449246
7,69,76,0.04533400406377609
52,66,118,0.3543744211477094
2,78,80,0.006882893202970645
60,46,106,0.47101355532225386
75,58,133,0.4790094724543421
5,33,38,0.05753867690120134
54,36,90,0.4967030736405094
34,13,47,0.582414363751211
16,29,45,0.2321908260421588
8,63,71,0.058212717297928714
72,30,102,0.6112835092896619
66,97,163,0.3325806865420072
9,87,96,0.05010810821214602
10,93,103,0.05359377103943984
24,90,114,0.1457529976952633
28,17,45,0.47629934480889535
23,57,80,0.19986924292269917
98,81,179,0.47433529664645935
25,80,105,0.1667908064722459
13,45,58,0.1359366061140974
73,6,79,0.8440458309717235
87,20,107,0.7288517015069754
31,93,124,0.18207643396970838
67,39,106,0.5371543636475911
29,98,127,0.16395562230102462
62,55,117,0.43997049001345473
21,18,39,0.3856944827051576
21,89,110,0.1283940772973677
49,53,102,0.38591889847749333
74,12,86,0.7717630270008773
60,92,152,0.3205458056480955
94,57,151,0.5430630840583557
69,69,138,0.4177157906011534
17,69,86,0.12724351812233706
39,50,89,0.33980052533459154
5,85,90,0.02396097161696197
31,20,51,0.4708515898394834
1,81,82,0.0021559920818123445
39,80,119,0.2499382756707652
86,71,157,0.4697033331856191
19,29,48,0.2702082786059137
40,93,133,0.2293069221932912
32,67,99,0.23920000643397268
82,56,138,0.5108007570480501
90,27,117,0.6850658319103748
17,46,63,0.1758384441231599
15,42,57,0.16645786597973067
61,84,145,0.343401130806072
77,20,97,0.7028707214143316
17,36,53,0.21092214079135066
67,30,97,0.5929541644404
34,64,98,0.2600859166796014
16,9,25,0.44518497748164865
5,74,79,0.027334864880068373
78,46,124,0.5413284242837405
8,100,108,0.03801024869807133
0,37,37,0.0
45,56,101,0.35237950540611346
99,80,179,0.479884632387179
91,74,165,0.4753166772876133
32,79,111,0.21222331604908773
96,46,142,0.5953265330397342
29,45,74,0.28864919939726313
1,70,71,0.002490603270544218
32,35,67,0.3625038659495962
9,92,101,0.04758923777198751
41,98,139,0.2254906684995262
27,90,117,0.16372157957492361
5,73,78,0.027689315373790938
58,22,80,0.6185594135898548
46,4,50,0.8116175308165717
39,81,120,0.24775854910601952
86,45,131,0.5717533635235359
2,75,77,0.007152159807893183
24,34,58,0.296280263740833
78,73,151,0.43743332672143076
63,11,74,0.7531050748280741
72,10,82,0.7898702600481665
42,51,93,0.35439761353554855
94,48,142,0.5808148814735217
21,10,31,0.5014100930808564
80,33,113,0.6183975397243283
53,68,121,0.3528715624981726
53,70,123,0.3467832230481412
15,12,27,0.37313024513224485
42,50,92,0.35852667216525175
38,89,127,0.22642466269393455
33,46,79,0.315266281401218
8,64,72,0.05738819634949346
98,43,141,0.6147072449839052
87,47,134,0.565321746298564
26,41,67,0.28049048016711
28,17,45,0.47629934480889535
32,95,127,0.18450608083766099
85,9,94,0.8279587926975852
36,83,119,0.22723163628047985
7,5,12,0.3195113125495498
17,74,91,0.12003755149503505
28,4,32,0.7193169451834978
67,87,154,0.3592874196291709
50,17,67,0.6307080546049991
46,41,87,0.4248635939682499
88,42,130,0.5924551452601902
35,66,101,0.2608952761313302
10,100,110,0.050130328971107536
39,16,55,0.5785927950724502
73,90,163,0.3735883294789113
0,91,91,0.0
15,75,90,0.10368488734312978
61,82,143,0.3484768555230025
64,77,141,0.3740333550932513
68,75,143,0.39538800750439035
17,64,81,0.13537173606133143
38,79,117,0.24667582654057602
75,64,139,0.4567587807549697
87,56,143,0.5265570743293008
54,30,84,0.5362131509036314
86,100,186,0.3921997539298267
62,3,65,0.8728615273666118
91,40,131,0.6111785725988003
14,89,103,0.0827242599534708
89,40,129,0.6055856295845823
62,47,109,0.47505894003317817
40,17,57,0.5733571989653999
38,85,123,0.23411076894168964
64,85,149,0.35280468647775176
83,3,86,0.9023912889743925
90,99,189,0.4061735913798195
76,41,117,0.5596196597083498
93,60,153,0.5287473450056375
54,26,80,0.5664052731061472
63,3,66,0.8746668588675779
2,31,33,0.016780883087191868
14,16,30,0.30232388907699753
94,69,163,0.4999290037136599
62,60,122,0.42059917554785475
53,59,112,0.3831776586564194
14,27,41,0.2155880825738485
86,73,159,0.4633716934259897
18,14,32,0.39325591136851984
82,82,164,0.42435704738802893
36,51,87,0.31609312363166975
61,67,128,0.3919887260658145
27,73,100,0.1926958414957634
82,7,89,0.846448576179568
100,9,109,0.8504878975927597
88,66,154,0.49246833178432775
76,77,153,0.41856310100350685
37,52,89,0.3189052928572798
85,47,132,0.5592437777880144
53,92,145,0.29154432711473016
23,25,48,0.34471316176951616
77,89,166,0.3896689560188624
42,45,87,0.3807266446376226
36,95,131,0.20560282854908118
55,65,120,0.3718612878252585
24,83,107,0.15561551031500886
21,93,114,0.12376031450566291
33,57,90,0.27447254779029884
72,14,86,0.7451029913702094
60,23,83,0.6183830552236826
27,6,33,0.6561176836533009
77,92,169,0.38235445960088726
7,55,62,0.05577863529399968
28,23,51,0.41384708550368815
10,89,99,0.05579667502880499
99,51,150,0.5810428721065096
79,69,148,0.4535777042836431
15,52,67,0.1406373112919366
73,69,142,0.4325969169065103
61,4,65,0.8521784813447681
39,51,90,0.33576572531248783
7,63,70,0.04928930144253952
84,86,170,0.4199265502670985
18,97,115,0.10136128969864946
33,66,99,0.24823816410788008
73,61,134,0.46038470594828046
35,5,40,0.7388788016114891
11,70,81,0.07755463441730516
83,29,112,0.6529082362210106
13,38,51,0.15545768156582296
80,43,123,0.5627429700102609
